MPI          = 1,2,5,7,12
restart_file = 2Dplasma_test_State_000.00000000000000000.h5, 2Dplasma_test_State_000.00000005000000000.h5
